D 0 00 215000  1 199999 00 定期总计
D 2 00 215100  1 101999 01 定期小计
D F 3  215133  0 101001 02 定期三月
D F 6  215136  0 101002 03 定期半年
D F 12 215101  0 101003 04 定期一年
D F 24 215102  0 101004 05 定期二年
D F 36 215103  0 101005 06 定期三年
D F 60 215105  0 101006 07 定期五年
D F 96 215108  0 101007 08 定期八年
H 0 00 211100  1 201999 16 活期小计
H P 00 211101  0 201001 17 活期存折
H K 00 211102  0 201002 18 销费卡
I 0 00 521000  1 399999 21 利息合计
I 1 00 521100  1 301999 22 活期利息小计
I 3 00 521300  1 303999 24 定期一年以下利息
I 3 00 521333  1 303001 25 定期三月利息
I 3 00 521363  1 303002 26 定期六月利息
I 5 00 261001  1 305001 34 定期一年
I 5 00 261002  1 305002 35 定期二年
I 5 00 261003  1 305003 36 定期三年
I 5 00 261005  1 305004 37 定期五年
I 5 00 261008  1 305005 38 定期八年
T 1 00 164000  1 499999 41 辖内往来
M 1 00 101000  1 599999 42 现金总计
G 0 00 511001  1 699999 43 手续费收入
G 0 00 511002  1 799999 44 手续费支出
G 0 00 532001  1 899999 46 代扣税款
T S 00 888000  1 999999 45 存款小计
